8.57341  -0.417288
8.55297  -0.417288
8.55297  -0.417288
8.57341  -0.417288
8.53254  -0.417288
8.53254  -0.417288
8.55297  -0.417288
8.53254  -0.417288
8.53254  -0.417288
8.57341  -0.417288
8.55297  -0.417288
8.57341  -0.417288
8.57341  -0.417288
8.57341  -0.417288
8.57341  -0.417288
8.55297  -0.417288
8.55297  -0.417288
8.57341  -0.417288
8.57341  -0.417288
8.57341  -0.417288
8.57341  -0.417288
8.55297  -0.417288
8.57341  -0.417288
8.55297  -0.417288
8.57341  -0.417288
8.57341  -0.417288
8.55297  -0.417288
8.55297  -0.417288
8.53254  -0.417288
8.57341  -0.417288
8.55297  -0.417288
8.53254  -0.417288
8.53254  -0.417288
8.57341  -0.417288
8.57341  -0.417288
8.57341  -0.417288
8.57341  -0.417288
8.55297  -0.417288
8.55297  -0.417288
8.57341  -0.417288
8.57341  -0.417288
8.55297  -0.417288
8.55297  -0.417288
8.57341  -0.417288
8.55297  -0.417288
8.57341  -0.417288
8.55297  -0.417288
8.57341  -0.417288
8.57341  -0.417288
8.57341  -0.417288
8.55297  -0.417288
8.55297  -0.417288
8.57341  -0.417288
8.55297  -0.417288
8.57341  -0.417288
8.57341  -0.417288
8.57341  -0.417288
8.57341  -0.417288
8.57341  -0.417288
8.55297  -0.417288
8.55297  -0.417288
8.57341  -0.417288
8.57341  -0.417288
8.55297  -0.417288
8.55297  -0.417288
8.57341  -0.417288
8.57341  -0.417288
8.55297  -0.417288
8.55297  -0.417288
8.57341  -0.417288
8.57341  -0.417288
8.57341  -0.417288
8.57341  -0.417288
8.57341  -0.417288
8.57341  -0.417288
8.57341  -0.417288
8.55297  -0.417288
8.53254  -0.417288
8.57341  -0.417288
8.57341  -0.417288
8.57341  -0.417288
8.57341  -0.417288
8.55297  -0.417288
8.55297  -0.417288
8.57341  -0.417288
8.57341  -0.417288
8.55297  -0.417288
8.55297  -0.417288
8.57341  -0.417288
8.57341  -0.417288
8.55297  -0.417288
8.53254  -0.417288
8.55297  -0.417288
8.55297  -0.417288
8.55297  -0.417288
8.55297  -0.417288
8.55297  -0.417288
8.55297  -0.417288
8.55297  -0.417288
8.55297  -0.417288
8.55297  -0.417288
8.57341  -0.417288
8.57341  -0.417288
8.57341  -0.417288
8.55297  -0.417288
8.53254  -0.417288
8.55297  -0.417288
8.55297  -0.417288
8.53254  -0.417288
8.57341  -0.417288
8.55297  -0.417288
8.55297  -0.417288
8.63471  -0.417288
8.71645  -0.417288
8.96166  -0.417288
8.96166  -0.417288
9.16601  -0.417288
9.28861  -0.417288
9.37035  -0.417288
9.47253  -0.417288
9.55426  -0.417288
9.71774  -0.417288
9.73817  -0.417288
9.96295  -0.417288
10.0243  -0.417288
10.0651  -0.417288
10.1877  -0.417288
10.2695  -0.417288
10.3512  -0.417288
10.3921  -0.417288
10.4738  -0.417288
10.6782  -0.417288
10.8212  -0.417288
10.9029  -0.417288
10.9847  -0.417288
11.2503  -0.417288
11.3116  -0.417288
11.3321  -0.417288
11.4751  -0.417288
11.5977  -0.417288
11.7203  -0.417288
11.7612  -0.417288
11.8429  -0.417288
11.9247  -0.417288
11.9655  -0.417288
12.0473  -0.417288
12.1699  -0.417288
12.3538  -0.417288
12.456  -0.417288
12.4968  -0.417288
12.6603  -0.417288
12.7625  -0.417288
12.8034  -0.417288
12.926  -0.417288
13.069  -0.417288
13.1303  -0.417288
13.1916  -0.417288
13.3142  -0.417288
13.4981  -0.417288
13.5594  -0.417288
13.5799  -0.417288
13.6412  -0.417288
13.7229  -0.417288
13.8047  -0.417288
13.866  -0.417288
13.9477  -0.417288
14.0294  -0.417288
14.152  -0.417288
14.2542  -0.417288
14.3768  -0.417288
14.4177  -0.417288
14.4994  -0.417288
14.6016  -0.417288
14.622  -0.417288
14.7038  -0.417288
14.7651  -0.417288
14.8672  -0.417288
14.949  -0.417288
15.1329  -0.417288
15.3168  -0.417288
15.419  -0.417288
15.562  -0.417288
15.6642  -0.417288
15.7459  -0.417288
15.9298  -0.417288
16.032  -0.417288
16.1138  -0.417288
16.359  -0.417288
16.6042  -0.417288
16.6859  -0.417288
16.8085  -0.417288
16.8903  -0.417288
16.9516  -0.417288
17.1968  -0.417288
17.2785  -0.417288
17.3603  -0.417288
17.3807  -0.417288
17.4624  -0.417288
17.5033  -0.417288
17.585  -0.417288
17.8916  -0.417288
18.0142  -0.417288
18.1981  -0.417288
18.2389  -0.417288
18.382  -0.417288
18.5659  -0.417288
18.6476  -0.417288
18.7702  -0.417288
18.8724  -0.417288
18.9542  -0.417288
19.0972  -0.417288
19.1585  -0.417288
19.2402  -0.417288
19.3628  -0.417288
19.465  -0.417288
19.5059  -0.417288
19.6489  -0.417288
19.7102  -0.417288
19.7715  -0.417288
19.9555  -0.417288
20.0781  -0.417288
20.1598  -0.417288
20.3846  -0.417288
20.4663  -0.417288
20.6911  -0.417288
20.7933  -0.417288
20.875  -0.417288
21.0998  -0.417288
21.202  -0.417288
21.2428  -0.417288
21.345  -0.417288
21.4472  -0.417288
21.5698  -0.417288
21.7128  -0.417288
21.7946  -0.417288
21.9172  -0.417288
22.1624  -0.417288
22.2646  -0.417288
22.3054  -0.417288
22.428  -0.417288
22.4689  -0.417288
22.5711  -0.417288
22.6937  -0.417288
22.7346  -0.417288
22.8367  -0.417288
22.9593  -0.417288
23.1637  -0.417288
23.2454  -0.417288
23.3885  -0.417288
23.5111  -0.417288
23.5519  -0.417288
23.5928  -0.417288
23.6745  -0.417288
23.8789  -0.417288
23.9606  -0.417288
24.0219  -0.417288
24.1241  -0.417288
24.2671  -0.417288
24.3489  -0.417288
24.4306  -0.417288
24.5124  -0.417288
24.5941  -0.417288
24.7984  -0.417288
24.9006  -0.417288
24.9824  -0.417288
25.0437  -0.417288
25.0845  -0.417288
25.1663  -0.417288
25.2276  -0.417288
25.3297  -0.417288
25.4115  -0.417288
25.5954  -0.417288
25.6976  -0.417288
25.8406  -0.417288
25.9019  -0.417288
26.0041  -0.417288
26.1063  -0.417288
26.1471  -0.417288
26.2902  -0.417288
26.3923  -0.417288
26.5149  -0.417288
26.5558  -0.417288
26.6171  -0.417288
26.7193  -0.417288
26.8215  -0.417288
26.8623  -0.417288
27.0054  -0.417288
27.1688  -0.417288
27.4345  -0.417288
27.5571  -0.417288
27.6184  -0.417288
27.7615  -0.417288
27.9658  4.62232
28.0475  14.5373
28.211  38.6492
28.2927  48.04
28.4358  39.947
28.5175  24.3639
28.6197  8.37361
28.7219  0.245819
28.8445  -0.417288
28.8854  -0.417288
28.9875  -0.417288
29.1714  -0.417288
29.294  -0.417288
29.3962  -0.417288
29.4371  -0.417288
29.6619  -0.417288
29.764  -0.417288
29.8662  -0.417288
29.9071  -0.417288
29.9684  -0.417288
30.0093  -0.417288
30.091  -0.417288
30.2136  -0.417288
30.2749  -0.417288
30.3771  -0.417288
30.4588  -0.417288
30.5406  -0.417288
30.6019  -0.417288
30.7449  -0.417288
30.7858  -0.417288
30.8879  -0.417288
31.1127  -0.417288
31.2149  -0.417288
31.3171  -0.417288
31.3579  -0.417288
31.4192  -0.417288
31.6645  -0.417288
31.8688  -0.417288
31.971  -0.417288
32.0936  -0.417288
32.1958  -0.417288
32.3388  -0.417288
32.441  -0.417288
32.7679  -0.417288
32.8701  -0.417288
32.911  -0.417288
33.0131  -0.417288
33.1153  -0.417288
33.1766  -0.417288
33.3197  -0.417288
33.5853  -0.417288
33.6875  -0.417288
33.7692  -0.417288
33.8918  -0.417288
33.9327  -0.417288
34.1166  -0.417288
34.1983  -0.417288
34.3618  -0.417288
34.5662  -0.417288
34.6683  -0.417288
34.7296  -0.417288
34.8318  -0.417288
34.8727  -0.417288
34.9748  -0.417288
35.1383  -0.417288
35.2201  -0.417288
35.3018  -0.417288
35.404  -0.417288
35.4448  -0.417288
35.547  -0.417288
35.6288  -0.417288
35.7105  -0.417288
35.8127  -0.417288
35.874  -0.417288
35.9761  -0.417288
36.2214  -0.417288
36.3235  -0.417288
36.3644  -0.417288
36.6505  -0.417288
36.7322  -0.417288
36.814  -0.417288
36.8957  -0.417288
36.9979  -0.417288
37.0592  -0.417288
37.1614  -0.417288
37.2227  -0.417288
37.3248  -0.417288
37.427  -0.417288
37.5292  -0.417288
37.5905  -0.417288
37.7335  -0.417288
37.8357  -0.417288
37.897  -0.417288
37.9787  -0.417288
38.1013  -0.417288
38.2239  -0.417288
38.3057  -0.417288
38.367  -0.417288
38.4283  -0.417288
38.51  -0.417288
38.6122  -0.417288
38.7144  -0.417288
38.8166  -0.417288
38.8779  -0.417288
38.98  -0.417288
39.0822  -0.417288
39.2457  -0.417288
39.2865  -0.417288
39.3887  -0.417288
39.4705  -0.417288
39.5318  -0.417288
39.6544  -0.417288
39.6952  -0.417288
39.7565  -0.417288
39.8178  -0.417288
39.92  -0.417288
40.0018  -0.417288
40.1244  -0.417288
40.1857  0.0153104
40.2265  2.44354
40.247  4.71074
40.5331  42.0215
40.7374  41.7752
40.8396  26.5775
40.8804  15.592
41.2278  -0.417288
41.3709  -0.417288
41.5548  -0.417288
41.6774  -0.417288
41.7796  -0.417288
41.8204  -0.417288
41.8817  -0.417288
41.9226  -0.417288
41.9839  -0.417288
42.0248  -0.417288
42.1269  -0.417288
42.1678  -0.417288
42.2496  -0.417288
42.3926  -0.417288
42.5152  -0.417288
42.5765  -0.417288
42.7604  -0.417288
42.8422  -0.417288
42.9852  1.3131
43.0874  14.9636
43.21  27.951
43.2304  28.4057
43.3735  28.8699
43.4348  28.652
43.4552  28.9552
43.5369  26.6027
43.68  3.63714
43.8639  0.829984
43.9865  0.640525
44.0887  -0.0888921
44.2521  3.03402
44.3134  4.7802
44.4361  5.17175
44.5791  4.63179
44.6813  3.38768
44.7221  1.6194
44.8447  -0.417288
44.9469  -0.417288
45.0082  -0.417288
45.09  -0.417288
45.1513  1.03523
45.3147  1.91937
45.4373  0.934187
45.4782  0.852088
45.5804  -0.417288
45.8256  -0.417288
45.9073  -0.417288
45.9891  -0.417288
46.0708  -0.417288
46.2139  -0.417288
46.2956  -0.417288
46.3365  0.0626751
46.4999  13.1922
46.6021  55.1289
46.6839  101.992
46.7452  102.977
46.8065  102.699
46.9086  102.629
47.0108  102.642
47.113  102.825
47.2152  102.791
47.3582  -0.417288
47.5421  -0.417288
47.6238  -0.417288
47.6852  -0.417288
47.8078  -0.0257391
47.8282  1.48678
47.9917  5.59804
48.1551  5.07387
48.2164  4.25603
48.3595  2.79404
48.4617  -0.417288
48.5434  -0.417288
48.6456  -0.417288
48.7273  -0.417288
48.8908  -0.417288
48.993  -0.417288
49.0338  -0.417288
49.136  -0.417288
49.2177  -0.417288
49.3608  -0.417288
49.463  0.368967
49.5856  10.344
49.606  17.8529
49.7286  30.5782
49.7899  32.4096
49.8921  32.8707
49.9738  29.8267
50.0147  25.8891
50.1577  16.4477
50.1577  11.9418
50.3008  -0.417288
50.4234  -0.417288
50.546  -0.417288
50.7095  -0.417288
50.8116  -0.417288
50.8729  0.286868
51.0364  14.0069
51.0773  20.5748
51.2816  94.7196
51.486  102.642
51.5677  102.708
51.8334  102.989
51.9764  8.85989
52.0786  -0.417288
52.1603  -0.417288
52.3238  -0.417288
52.3442  -0.417288
52.4055  -0.417288
52.4464  -0.417288
52.569  -0.417288
52.8551  -0.417288
53.0594  -0.417288
53.1616  -0.417288
53.366  -0.417288
53.6112  -0.313085
53.8973  5.42121
54.122  4.06658
54.1425  3.74765
54.2038  3.4161
54.2446  2.86667
54.3468  0.691047
54.4694  -0.417288
54.5103  -0.417288
54.7351  -0.417288
54.8781  -0.417288
54.9803  -0.417288
55.0416  -0.417288
55.2255  -0.417288
55.3277  -0.417288
55.4912  -0.417288
55.6138  2.3425
55.7159  5.58856
55.8181  6.49165
55.9203  6.71584
55.9407  6.81689
56.0838  5.63593
56.1655  4.71705
56.2677  2.88246
56.4516  0.100567
56.5538  0.290026
56.7581  0.852088
56.9624  6.70321
57.2281  30.1867
57.269  35.7283
57.3711  46.3444
57.5959  103.03
57.739  103.04
57.9024  102.841
58.0455  79.2818
58.209  16.5803
58.2907  2.71826
58.4746  -0.417288
58.5563  -0.417288
58.679  -0.417288
58.7198  -0.417288
58.7607  -0.417288
58.8016  -0.417288
58.9446  -0.417288
59.1489  -0.417288
59.2511  -0.417288
59.4963  -0.417288
59.5372  -0.417288
59.5985  -0.417288
59.6394  -0.417288
59.7416  -0.417288
59.8437  -0.417288
59.905  -0.417288
59.9868  -0.417288
60.0685  -0.417288
60.1094  -0.417288
60.2729  -0.417288
60.4159  -0.417288
60.4568  -0.417288
60.5794  -0.417288
60.6815  -0.417288
60.7428  -0.417288
60.9268  -0.417288
60.9881  -0.417288
61.0902  -0.417288
61.2128  -0.417288
61.3354  -0.417288
61.5398  -0.417288
61.8054  -0.417288
61.8872  -0.417288
62.0711  -0.417288
62.1733  -0.161518
62.1937  0.138459
62.3163  0.921556
62.4594  1.32889
62.5615  1.1268
62.6637  0.820511
62.8067  0.498431
62.9498  -0.41413
62.9907  -0.417288
63.0315  -0.417288
63.1133  -0.417288
63.2359  -0.417288
63.3585  -0.417288
63.3789  -0.417288
63.4811  -0.417288
63.6241  -0.417288
63.7059  -0.417288
63.7876  -0.417288
63.8898  -0.417288
63.9919  -0.417288
64.0532  -0.417288
64.1963  -0.417288
64.278  -0.221513
64.3189  0.16372
64.4415  1.0226
64.5232  1.92253
64.7072  2.31724
64.7889  2.2825
64.8911  2.22567
65.0341  1.42678
65.075  1.05418
65.1158  0.4858
65.2384  -0.417288
65.2793  -0.417288
65.4019  -0.417288
65.545  -0.417288
65.6471  -0.417288
65.688  -0.417288
65.8106  -0.417288
65.9537  0.545796
66.015  1.23416
66.0354  1.84043
66.0967  2.47512
66.1376  2.5509
66.1989  3.29927
66.301  4.67284
66.3828  7.16107
66.5054  11.0766
66.5463  14.9952
66.6484  23.4451
66.8528  24.9955
66.9345  26.4701
67.0163  23.6345
67.0776  22.4851
67.1593  19.6938
67.2002  16.773
67.241  13.2143
67.3432  5.377
67.5067  -0.300455
67.6089  -0.417288
67.6497  -0.417288
67.895  -0.417288
68.0176  -0.417288
68.1606  -0.417288
68.2628  -0.417288
68.3649  -0.417288
68.4262  -0.417288
68.508  -0.417288
68.651  -0.417288
68.8145  -0.417288
68.9371  -0.417288
68.978  -0.417288
69.0802  -0.417288
69.1619  -0.417288
69.2641  -0.417288
69.448  -0.417288
69.5501  -0.417288
69.6115  -0.417288
69.6319  -0.417288
69.6728  -0.417288
69.7341  -0.417288
69.8362  -0.417288
69.8771  -0.417288
70.1428  -0.417288
70.4084  -0.417288
70.6536  0.542638
70.7558  1.14575
70.7967  1.45836
71.001  1.16154
71.0214  1.34152
71.1236  1.21838
71.3075  0.577372
71.4506  -0.417288
71.6753  -0.417288
71.8797  -0.417288
71.941  -0.417288
72.0227  -0.417288
72.0636  -0.417288
72.1249  -0.417288
72.2271  -0.417288
72.3293  -0.417288
72.411  -0.417288
72.4723  -0.417288
72.5949  -0.417288
72.6766  -0.417288
72.8401  -0.417288
73.0036  -0.417288
73.0853  -0.417288
73.2284  -0.417288
73.3306  -0.417288
73.4327  -0.417288
73.6371  -0.417288
73.7392  -0.417288
73.8414  -0.417288
73.9436  -0.417288
73.9845  -0.417288
74.0049  -0.417288
74.0866  -0.417288
74.3114  -0.417288
74.3931  -0.417288
74.4545  -0.417288
74.5771  -0.417288
74.761  -0.417288
74.904  -0.417288
74.9857  -0.417288
75.1492  -0.417288
75.1901  -0.417288
75.2514  -0.417288
75.374  -0.417288
75.4557  -0.417288
75.5579  -0.417288
75.6397  -0.417288
75.7418  -0.417288
75.8644  -0.417288
75.9666  -0.417288
76.0483  -0.417288
76.1914  -0.417288
76.3753  -0.417288
76.5183  -0.417288
76.6205  -0.417288
76.7023  -0.417288
76.8249  -0.284666
76.9066  -0.328873
76.9679  -0.382554
77.0292  -0.114153
77.1722  -0.25309
77.2336  -0.139414
77.3357  -0.417288
77.4175  -0.417288
77.4583  -0.417288
77.5401  -0.417288
77.6831  -0.417288
77.7649  -0.417288
77.867  -0.417288
77.9079  -0.417288
78.0714  -0.417288
78.194  -0.417288
78.2757  -0.417288
78.337  -0.417288
78.4188  -0.417288
78.5005  -0.417288
78.5822  -0.417288
78.7662  -0.417288
78.9705  -0.417288
79.0727  -0.417288
79.0931  -0.417288
79.2157  -0.417288
79.3179  -0.417288
79.3383  -0.417288
79.4609  -0.417288
79.5427  -0.417288
79.6653  -0.417288
79.7674  -0.417288
79.8696  -0.417288
79.9309  -0.417288
80.0331  -0.417288
80.1761  -0.417288
80.2783  -0.417288
80.36  -0.417288
80.4622  -0.417288
80.5848  -0.417288
80.6257  -0.417288
80.6461  -0.417288
80.7279  -0.417288
80.7483  -0.417288
80.8709  -0.417288
80.9322  -0.417288
80.9731  -0.341504
81.0957  -0.126784
81.1774  -0.133099
81.2592  0.482643
81.3613  1.12049
81.4431  1.19627
81.5248  1.88148
81.6474  3.75713
81.8926  5.83486
81.9335  6.01485
81.9948  6.18536
82.097  5.81907
82.2196  4.92546
82.3013  4.65074
82.4239  3.23611
82.4852  2.74352
82.567  1.2089
82.71  -0.417288
82.7509  -0.417288
82.8939  -0.417288
83.0779  -0.417288
83.18  -0.417288
83.3435  -0.417288
83.4661  -0.417288
83.5274  -0.417288
83.5887  -0.417288
83.6704  -0.417288
83.7318  -0.417288
83.8135  -0.417288
83.9361  -0.417288
84.0178  -0.417288
84.0587  -0.417288
84.12  -0.417288
84.1609  -0.417288
84.2835  -0.417288
84.3652  -0.417288
84.4061  -0.417288
84.4878  -0.417288
84.6309  -0.417288
84.6717  -0.417288
84.7126  -0.417288
84.7943  -0.417288
84.8761  -0.417288
84.917  -0.417288
84.9578  -0.417288
84.9578  -0.417288
84.9783  -0.417288
84.9578  -0.417288
84.9783  -0.417288
84.9987  -0.417288
84.9783  -0.417288
84.9783  -0.417288
84.9987  -0.417288
84.9987  -0.417288
84.9987  -0.417288
84.9987  -0.417288
85.0191  -0.417288
84.9987  -0.417288
84.9987  -0.417288
84.9783  -0.417288
84.9987  -0.417288
84.9783  -0.417288
84.9987  -0.417288
85.0191  -0.417288
84.9987  -0.417288
85.0191  -0.417288
84.9987  -0.417288
85.0191  -0.417288
84.9987  -0.417288
84.9987  -0.417288
84.9987  -0.417288
84.9987  -0.417288
84.9987  -0.417288
85.0191  -0.417288
85.0191  -0.417288
85.0191  -0.417288
84.9987  -0.417288
84.9987  -0.417288
85.0191  -0.417288
85.0396  -0.417288
84.9987  -0.417288
84.9987  -0.417288
85.0191  -0.417288
85.0191  -0.417288
85.0191  -0.417288
85.0396  -0.417288
85.0396  -0.417288
85.0191  -0.417288
85.0191  -0.417288
85.0191  -0.417288
85.0191  -0.417288
85.0191  -0.417288
85.0191  -0.417288
84.9987  -0.417288
85.0396  -0.417288
84.9987  -0.417288
85.0191  -0.417288
85.0396  -0.417288
85.0396  -0.417288
84.9987  -0.417288
84.9987  -0.417288
85.0191  -0.417288
85.0396  -0.417288
84.9987  -0.417288
85.0396  -0.417288
85.0191  -0.417288
84.9987  -0.417288
85.0396  -0.417288
85.0191  -0.417288
85.0191  -0.417288
85.0396  -0.417288
84.9987  -0.417288
84.9987  -0.417288
85.0191  -0.417288
85.0191  -0.417288
84.9987  -0.417288
84.9987  -0.417288
85.0396  -0.417288
85.0396  -0.417288
85.0396  -0.417288
85.0396  -0.417288
85.0396  -0.417288
85.0396  -0.417288
85.0191  -0.417288
85.0396  -0.417288
85.0396  -0.417288
85.0396  -0.417288
85.0191  -0.417288
85.0396  -0.417288
85.0396  -0.417288
85.0396  -0.417288
84.9987  -0.417288
85.0191  -0.417288
85.0396  -0.417288
85.0191  -0.417288
84.9987  -0.417288
84.9987  -0.417288
85.0191  -0.417288
84.9987  -0.417288
85.0191  -0.417288
